BTC LTC ETH Y:M:D:h:m:s Ti-T0
979.56 4.42 8.33 2017:01:01:01:01:01 0.0
1013.13 4.56 8.24 2017:01:02:01:01:01 86400.0
1019.53 4.54 8.89 2017:01:03:01:01:01 172800.0
1083.63 4.65 10.56 2017:01:04:01:01:01 259200.0
1055.36 4.45 10.65 2017:01:05:01:01:01 345600.0
937.53 4.06 10.13 2017:01:06:01:01:01 432000.0
877.62 3.89 9.95 2017:01:07:01:01:01 518400.0
924.49 4.03 10.18 2017:01:08:01:01:01 604800.0
899.48 4.07 10.59 2017:01:09:01:01:01 691200.0
906.89 4.46 10.55 2017:01:10:01:01:01 777600.0
852.3 4.27 10.24 2017:01:11:01:01:01 864000.0
791.17 3.96 9.67 2017:01:12:01:01:01 950400.0
812.51 3.99 9.7 2017:01:13:01:01:01 1036800.0
834.84 4.0 9.78 2017:01:14:01:01:01 1123200.0
826.3 3.97 9.92 2017:01:15:01:01:01 1209600.0
834.87 3.92 9.77 2017:01:16:01:01:01 1296000.0
879.99 3.93 10.07 2017:01:17:01:01:01 1382400.0
889.45 3.9 10.27 2017:01:18:01:01:01 1468800.0
897.24 3.89 10.33 2017:01:19:01:01:01 1555200.0
898.51 3.9 10.62 2017:01:20:01:01:01 1641600.0
919.06 3.91 10.8 2017:01:21:01:01:01 1728000.0
928.5 3.89 10.89 2017:01:22:01:01:01 1814400.0
923.55 3.86 10.78 2017:01:23:01:01:01 1900800.0
908.24 3.8 10.64 2017:01:24:01:01:01 1987200.0
897.37 3.74 10.54 2017:01:25:01:01:01 2073600.0
909.23 3.78 10.58 2017:01:26:01:01:01 2160000.0
920.08 3.84 10.53 2017:01:27:01:01:01 2246400.0
924.13 3.88 10.55 2017:01:28:01:01:01 2332800.0
922.76 3.87 10.55 2017:01:29:01:01:01 2419200.0
920.47 3.92 10.52 2017:01:30:01:01:01 2505600.0
944.29 4.08 10.65 2017:01:31:01:01:01 2592000.0
975.59 4.06 10.71 2017:02:01:01:01:01 2678400.0
994.75 4.05 10.7 2017:02:02:01:01:01 2764800.0
1014.16 4.03 10.81 2017:02:03:01:01:01 2851200.0
1019.52 4.0 11.28 2017:02:04:01:01:01 2937600.0
1022.65 3.97 11.29 2017:02:05:01:01:01 3024000.0
1022.32 3.96 11.31 2017:02:06:01:01:01 3110400.0
1043.8 3.98 11.46 2017:02:07:01:01:01 3196800.0
1054.25 3.97 11.41 2017:02:08:01:01:01 3283200.0
1027.61 3.87 11.19 2017:02:09:01:01:01 3369600.0
983.91 3.79 11.15 2017:02:10:01:01:01 3456000.0
1013.77 3.84 11.43 2017:02:11:01:01:01 3542400.0
1012.4 3.81 11.48 2017:02:12:01:01:01 3628800.0
1005.16 3.78 11.39 2017:02:13:01:01:01 3715200.0
1008.49 3.79 12.35 2017:02:14:01:01:01 3801600.0
1012.45 3.85 12.91 2017:02:15:01:01:01 3888000.0
1028.53 3.89 12.83 2017:02:16:01:01:01 3974400.0
1049.92 3.89 12.85 2017:02:17:01:01:01 4060800.0
1066.44 3.9 12.86 2017:02:18:01:01:01 4147200.0
1059.44 3.81 12.9 2017:02:19:01:01:01 4233600.0
1062.84 3.8 12.88 2017:02:20:01:01:01 4320000.0
1104.68 3.83 12.72 2017:02:21:01:01:01 4406400.0
1124.96 3.89 12.8 2017:02:22:01:01:01 4492800.0
1149.44 3.91 12.89 2017:02:23:01:01:01 4579200.0
1187.88 3.93 13.16 2017:02:24:01:01:01 4665600.0
1172.51 3.92 13.44 2017:02:25:01:01:01 4752000.0
1165.41 3.89 13.84 2017:02:26:01:01:01 4838400.0
1189.71 3.88 14.83 2017:02:27:01:01:01 4924800.0
1195.68 3.85 15.98 2017:02:28:01:01:01 5011200.0
1210.37 3.86 16.11 2017:03:01:01:01:01 5097600.0
1245.78 3.91 18.31 2017:03:02:01:01:01 5184000.0
1279.09 4.08 19.88 2017:03:03:01:01:01 5270400.0
1281.62 4.05 19.61 2017:03:04:01:01:01 5356800.0
1267.37 3.98 18.93 2017:03:05:01:01:01 5443200.0
1281.63 4.03 19.66 2017:03:06:01:01:01 5529600.0
1258.84 4.05 19.24 2017:03:07:01:01:01 5616000.0
1196.78 3.91 17.91 2017:03:08:01:01:01 5702400.0
1179.28 3.9 17.37 2017:03:09:01:01:01 5788800.0
1207.92 3.9 18.31 2017:03:10:01:01:01 5875200.0
1181.02 3.86 20.01 2017:03:11:01:01:01 5961600.0
1206.3 3.88 22.58 2017:03:12:01:01:01 6048000.0
1237.88 4.1 27.48 2017:03:13:01:01:01 6134400.0
1247.29 4.23 28.67 2017:03:14:01:01:01 6220800.0
1253.52 4.22 30.52 2017:03:15:01:01:01 6307200.0
1223.74 4.35 41.0 2017:03:16:01:01:01 6393600.0
1130.96 4.22 46.74 2017:03:17:01:01:01 6480000.0
1032.36 4.06 38.69 2017:03:18:01:01:01 6566400.0
1012.91 3.98 39.7 2017:03:19:01:01:01 6652800.0
1035.6 3.98 43.34 2017:03:20:01:01:01 6739200.0
1085.68 4.04 42.86 2017:03:21:01:01:01 6825600.0
1050.92 3.93 40.92 2017:03:22:01:01:01 6912000.0
1035.89 3.97 41.48 2017:03:23:01:01:01 6998400.0
991.87 4.07 46.16 2017:03:24:01:01:01 7084800.0
930.11 4.06 50.25 2017:03:25:01:01:01 7171200.0
974.27 4.08 50.53 2017:03:26:01:01:01 7257600.0
1002.38 4.11 50.39 2017:03:27:01:01:01 7344000.0
1044.62 4.17 49.61 2017:03:28:01:01:01 7430400.0
1035.22 4.23 52.24 2017:03:29:01:01:01 7516800.0
1039.37 6.42 52.47 2017:03:30:01:01:01 7603200.0
1063.29 6.95 50.08 2017:03:31:01:01:01 7689600.0
1090.51 7.1 50.31 2017:04:01:01:01:01 7776000.0
1096.54 7.8 50.1 2017:04:02:01:01:01 7862400.0
1142.6 8.65 46.04 2017:04:03:01:01:01 7948800.0
1148.1 9.06 43.81 2017:04:04:01:01:01 8035200.0
1132.03 9.88 46.05 2017:04:05:01:01:01 8121600.0
1168.38 11.71 44.42 2017:04:06:01:01:01 8208000.0
1192.19 10.5 43.2 2017:04:07:01:01:01 8294400.0
1188.58 10.68 44.55 2017:04:08:01:01:01 8380800.0
1193.85 10.03 43.88 2017:04:09:01:01:01 8467200.0
1211.93 9.59 43.64 2017:04:10:01:01:01 8553600.0
1215.33 9.77 44.07 2017:04:11:01:01:01 8640000.0
1219.22 11.22 44.42 2017:04:12:01:01:01 8726400.0
1189.59 11.24 48.58 2017:04:13:01:01:01 8812800.0
1182.56 11.36 48.03 2017:04:14:01:01:01 8899200.0
1181.14 11.63 47.76 2017:04:15:01:01:01 8985600.0
1182.62 11.66 48.43 2017:04:16:01:01:01 9072000.0
1180.29 12.06 47.94 2017:04:17:01:01:01 9158400.0
1198.86 10.92 48.78 2017:04:18:01:01:01 9244800.0
1201.38 10.63 49.78 2017:04:19:01:01:01 9331200.0
1225.44 10.69 48.69 2017:04:20:01:01:01 9417600.0
1247.61 11.68 49.07 2017:04:21:01:01:01 9504000.0
1245.55 13.25 48.65 2017:04:22:01:01:01 9590400.0
1247.24 15.3 48.65 2017:04:23:01:01:01 9676800.0
1252.79 14.93 49.99 2017:04:24:01:01:01 9763200.0
1273.79 14.94 50.34 2017:04:25:01:01:01 9849600.0
1295.53 15.47 52.19 2017:04:26:01:01:01 9936000.0
1324.2 14.74 57.96 2017:04:27:01:01:01 10022400.0
1340.44 14.85 67.24 2017:04:28:01:01:01 10108800.0
1356.13 15.45 71.31 2017:04:29:01:01:01 10195200.0
1354.0 16.2 73.33 2017:04:30:01:01:01 10281600.0
1425.99 16.39 81.1 2017:05:01:01:01:01 10368000.0
1460.62 16.12 78.91 2017:05:02:01:01:01 10454400.0
1482.54 19.2 78.55 2017:05:03:01:01:01 10540800.0
1572.35 23.78 88.19 2017:05:04:01:01:01 10627200.0
1590.39 26.68 95.59 2017:05:05:01:01:01 10713600.0
1583.39 27.19 93.96 2017:05:06:01:01:01 10800000.0
1591.04 30.52 95.66 2017:05:07:01:01:01 10886400.0
1640.31 29.42 90.78 2017:05:08:01:01:01 10972800.0
1730.58 28.25 85.35 2017:05:09:01:01:01 11059200.0
1758.04 33.96 88.7 2017:05:10:01:01:01 11145600.0
1837.42 31.31 88.8 2017:05:11:01:01:01 11232000.0
1773.71 29.66 88.5 2017:05:12:01:01:01 11318400.0
1715.88 27.48 86.55 2017:05:13:01:01:01 11404800.0
1799.6 29.2 89.05 2017:05:14:01:01:01 11491200.0
1753.66 27.13 91.36 2017:05:15:01:01:01 11577600.0
1745.42 24.39 90.07 2017:05:16:01:01:01 11664000.0
1815.62 23.93 87.1 2017:05:17:01:01:01 11750400.0
1836.45 26.18 91.86 2017:05:18:01:01:01 11836800.0
1937.6 27.48 112.56 2017:05:19:01:01:01 11923200.0
2001.74 27.44 125.5 2017:05:20:01:01:01 12009600.0
2054.4 26.66 133.97 2017:05:21:01:01:01 12096000.0
2168.35 25.04 166.66 2017:05:22:01:01:01 12182400.0
2216.74 28.05 165.94 2017:05:23:01:01:01 12268800.0
2369.27 32.75 186.89 2017:05:24:01:01:01 12355200.0
2609.27 32.69 202.88 2017:05:25:01:01:01 12441600.0
2442.28 29.09 182.48 2017:05:26:01:01:01 12528000.0
2127.08 23.66 153.85 2017:05:27:01:01:01 12614400.0
2228.32 24.79 173.1 2017:05:28:01:01:01 12700800.0
2254.86 25.19 180.66 2017:05:29:01:01:01 12787200.0
2264.58 25.56 207.89 2017:05:30:01:01:01 12873600.0
2249.76 25.0 227.43 2017:05:31:01:01:01 12960000.0
2405.09 27.6 226.49 2017:06:01:01:01:01 13046400.0
2425.63 27.82 223.56 2017:06:02:01:01:01 13132800.0
2523.85 27.62 223.3 2017:06:03:01:01:01 13219200.0
2519.12 27.34 238.87 2017:06:04:01:01:01 13305600.0
2601.94 29.48 246.65 2017:06:05:01:01:01 13392000.0
2833.37 30.21 257.97 2017:06:06:01:01:01 13478400.0
2816.35 29.87 261.82 2017:06:07:01:01:01 13564800.0
2750.54 29.31 256.74 2017:06:08:01:01:01 13651200.0
2823.6 30.18 267.51 2017:06:09:01:01:01 13737600.0
2856.75 29.7 300.7 2017:06:10:01:01:01 13824000.0
2931.42 31.3 343.69 2017:06:11:01:01:01 13910400.0
2821.27 30.56 372.3 2017:06:12:01:01:01 13996800.0
2714.71 29.52 385.35 2017:06:13:01:01:01 14083200.0
2668.42 30.28 375.08 2017:06:14:01:01:01 14169600.0
2351.97 27.83 321.62 2017:06:15:01:01:01 14256000.0
2441.04 30.6 346.26 2017:06:16:01:01:01 14342400.0
2553.42 40.86 356.65 2017:06:17:01:01:01 14428800.0
2566.57 43.21 362.68 2017:06:18:01:01:01 14515200.0
2553.52 46.06 356.22 2017:06:19:01:01:01 14601600.0
2654.44 46.49 358.9 2017:06:20:01:01:01 14688000.0
2690.32 44.36 327.46 2017:06:21:01:01:01 14774400.0
2665.24 45.36 320.42 2017:06:22:01:01:01 14860800.0
2706.14 46.08 325.47 2017:06:23:01:01:01 14947200.0
2656.96 44.42 320.34 2017:06:24:01:01:01 15033600.0
2555.33 42.28 294.94 2017:06:25:01:01:01 15120000.0
2453.07 38.63 258.86 2017:06:26:01:01:01 15206400.0
2395.92 37.1 243.5 2017:06:27:01:01:01 15292800.0
2534.37 40.64 290.89 2017:06:28:01:01:01 15379200.0
2558.06 41.17 307.29 2017:06:29:01:01:01 15465600.0
2513.03 40.3 291.53 2017:06:30:01:01:01 15552000.0
2459.15 38.92 269.31 2017:07:01:01:01:01 15638400.0
2454.95 39.3 269.59 2017:07:02:01:01:01 15724800.0
2521.2 44.75 278.6 2017:07:03:01:01:01 15811200.0
2597.03 50.53 276.74 2017:07:04:01:01:01 15897600.0
2582.3 52.58 264.83 2017:07:05:01:01:01 15984000.0
2600.27 51.24 266.34 2017:07:06:01:01:01 16070400.0
2551.76 48.1 254.65 2017:07:07:01:01:01 16156800.0
2519.18 47.88 241.4 2017:07:08:01:01:01 16243200.0
2551.51 50.39 244.93 2017:07:09:01:01:01 16329600.0
2458.29 47.58 226.56 2017:07:10:01:01:01 16416000.0
2346.78 44.45 196.57 2017:07:11:01:01:01 16502400.0
2338.73 45.55 203.38 2017:07:12:01:01:01 16588800.0
2364.18 45.66 208.79 2017:07:13:01:01:01 16675200.0
2273.42 43.49 196.28 2017:07:14:01:01:01 16761600.0
2082.3 39.95 184.65 2017:07:15:01:01:01 16848000.0
1928.53 38.46 155.18 2017:07:16:01:01:01 16934400.0
2054.37 41.6 171.58 2017:07:17:01:01:01 17020800.0
2271.09 43.1 200.66 2017:07:18:01:01:01 17107200.0
2308.85 42.19 220.68 2017:07:19:01:01:01 17193600.0
2491.19 42.81 217.83 2017:07:20:01:01:01 17280000.0
2717.35 45.77 224.3 2017:07:21:01:01:01 17366400.0
2776.69 45.88 224.42 2017:07:22:01:01:01 17452800.0
2778.44 45.52 228.99 2017:07:23:01:01:01 17539200.0
2759.03 45.06 227.26 2017:07:24:01:01:01 17625600.0
2623.41 42.82 210.8 2017:07:25:01:01:01 17712000.0
2497.65 41.65 200.06 2017:07:26:01:01:01 17798400.0
2569.44 41.69 201.96 2017:07:27:01:01:01 17884800.0
2737.64 41.14 196.81 2017:07:28:01:01:01 17971200.0
2720.58 39.7 187.71 2017:07:29:01:01:01 18057600.0
2688.5 40.67 199.18 2017:07:30:01:01:01 18144000.0
2772.84 40.94 196.14 2017:07:31:01:01:01 18230400.0
2793.68 42.63 216.99 2017:08:01:01:01:01 18316800.0
2714.62 42.46 221.52 2017:08:02:01:01:01 18403200.0
2741.47 42.33 222.38 2017:08:03:01:01:01 18489600.0
2825.34 42.84 222.88 2017:08:04:01:01:01 18576000.0
3139.36 45.44 236.78 2017:08:05:01:01:01 18662400.0
3215.74 45.51 258.96 2017:08:06:01:01:01 18748800.0
3306.79 45.63 266.17 2017:08:07:01:01:01 18835200.0
3420.78 46.49 281.3 2017:08:08:01:01:01 18921600.0
3345.06 48.29 298.23 2017:08:09:01:01:01 19008000.0
3395.13 47.84 300.91 2017:08:10:01:01:01 19094400.0
3518.63 47.05 301.5 2017:08:11:01:01:01 19180800.0
3792.38 47.11 314.26 2017:08:12:01:01:01 19267200.0
4040.66 45.94 295.96 2017:08:13:01:01:01 19353600.0
4178.31 45.56 300.14 2017:08:14:01:01:01 19440000.0
4177.38 43.27 287.68 2017:08:15:01:01:01 19526400.0
4173.17 43.43 293.22 2017:08:16:01:01:01 19612800.0
4347.76 44.03 303.58 2017:08:17:01:01:01 19699200.0
4229.01 45.51 299.54 2017:08:18:01:01:01 19785600.0
4099.44 44.96 293.28 2017:08:19:01:01:01 19872000.0
4106.84 45.31 293.8 2017:08:20:01:01:01 19958400.0
4030.35 46.34 318.87 2017:08:21:01:01:01 20044800.0
3920.57 46.2 311.6 2017:08:22:01:01:01 20131200.0
4149.77 48.05 319.01 2017:08:23:01:01:01 20217600.0
4198.07 51.7 321.13 2017:08:24:01:01:01 20304000.0
4360.3 51.05 331.41 2017:08:25:01:01:01 20390400.0
4319.77 50.95 330.04 2017:08:26:01:01:01 20476800.0
4344.86 57.66 336.37 2017:08:27:01:01:01 20563200.0
4311.72 62.07 343.71 2017:08:28:01:01:01 20649600.0
4471.93 62.63 361.34 2017:08:29:01:01:01 20736000.0
4583.02 63.2 380.31 2017:08:30:01:01:01 20822400.0
4680.83 68.88 386.16 2017:08:31:01:01:01 20908800.0
4811.35 80.77 392.65 2017:09:01:01:01:01 20995200.0
4717.76 81.8 362.34 2017:09:02:01:01:01 21081600.0
4642.76 80.39 354.46 2017:09:03:01:01:01 21168000.0
4483.84 73.01 323.03 2017:09:04:01:01:01 21254400.0
4394.93 70.81 310.28 2017:09:05:01:01:01 21340800.0
4585.14 78.96 335.69 2017:09:06:01:01:01 21427200.0
4591.39 80.03 331.88 2017:09:07:01:01:01 21513600.0
4497.48 77.46 320.92 2017:09:08:01:01:01 21600000.0
4336.78 71.73 304.59 2017:09:09:01:01:01 21686400.0
4249.31 68.02 297.3 2017:09:10:01:01:01 21772800.0
4220.42 68.24 297.32 2017:09:11:01:01:01 21859200.0
4255.71 69.12 302.86 2017:09:12:01:01:01 21945600.0
3932.82 61.85 275.47 2017:09:13:01:01:01 22032000.0
3627.85 54.98 254.07 2017:09:14:01:01:01 22118400.0
3432.03 48.39 238.47 2017:09:15:01:01:01 22204800.0
3778.41 53.69 261.11 2017:09:16:01:01:01 22291200.0
3670.65 51.16 253.84 2017:09:17:01:01:01 22377600.0
3955.28 54.9 288.54 2017:09:18:01:01:01 22464000.0
3968.18 54.07 287.39 2017:09:19:01:01:01 22550400.0
3940.68 52.79 286.19 2017:09:20:01:01:01 22636800.0
3790.36 49.88 275.66 2017:09:21:01:01:01 22723200.0
3630.69 46.96 262.08 2017:09:22:01:01:01 22809600.0
3726.15 48.5 275.11 2017:09:23:01:01:01 22896000.0
3698.49 48.04 284.87 2017:09:24:01:01:01 22982400.0
3825.88 50.02 290.81 2017:09:25:01:01:01 23068800.0
3918.33 52.61 291.59 2017:09:26:01:01:01 23155200.0
4039.56 54.17 296.69 2017:09:27:01:01:01 23241600.0
4192.71 55.59 304.17 2017:09:28:01:01:01 23328000.0
4142.95 52.99 291.53 2017:09:29:01:01:01 23414400.0
4270.07 54.66 299.5 2017:09:30:01:01:01 23500800.0
4312.46 54.33 299.62 2017:10:01:01:01:01 23587200.0
4410.75 54.12 299.02 2017:10:02:01:01:01 23673600.0
4316.92 52.26 292.89 2017:10:03:01:01:01 23760000.0
4252.46 51.86 292.73 2017:10:04:01:01:01 23846400.0
4258.81 51.17 292.55 2017:10:05:01:01:01 23932800.0
4360.58 52.14 299.9 2017:10:06:01:01:01 24019200.0
4354.84 51.9 308.48 2017:10:07:01:01:01 24105600.0
4502.25 53.06 311.49 2017:10:08:01:01:01 24192000.0
4652.18 51.47 301.51 2017:10:09:01:01:01 24278400.0
4817.97 50.44 298.91 2017:10:10:01:01:01 24364800.0
4793.65 50.57 300.62 2017:10:11:01:01:01 24451200.0
5114.9 53.37 304.56 2017:10:12:01:01:01 24537600.0
5618.27 57.94 325.32 2017:10:13:01:01:01 24624000.0
5669.7 61.36 340.88 2017:10:14:01:01:01 24710400.0
5632.24 65.14 332.46 2017:10:15:01:01:01 24796800.0
5681.75 64.39 339.92 2017:10:16:01:01:01 24883200.0
5633.48 61.49 324.5 2017:10:17:01:01:01 24969600.0
5413.48 57.43 305.33 2017:10:18:01:01:01 25056000.0
5657.33 59.95 309.54 2017:10:19:01:01:01 25142400.0
5796.25 59.91 306.7 2017:10:20:01:01:01 25228800.0
6081.29 58.47 298.27 2017:10:21:01:01:01 25315200.0
5930.41 57.12 296.91 2017:10:22:01:01:01 25401600.0
5890.65 54.73 286.2 2017:10:23:01:01:01 25488000.0
5673.49 57.26 303.96 2017:10:24:01:01:01 25574400.0
5558.16 55.1 296.21 2017:10:25:01:01:01 25660800.0
5833.22 55.88 297.0 2017:10:26:01:01:01 25747200.0
5831.85 55.31 296.57 2017:10:27:01:01:01 25833600.0
5778.09 54.95 295.71 2017:10:28:01:01:01 25920000.0
5886.93 55.61 301.79 2017:10:29:01:01:01 26006400.0
6122.78 56.79 306.74 2017:10:30:01:01:01 26092800.0
6248.72 56.21 307.45 2017:10:31:01:01:01 26179200.0
6515.55 54.89 299.85 2017:11:01:01:01:01 26265600.0
6958.41 52.48 285.29 2017:11:02:01:01:01 26352000.0
7244.98 54.92 295.6 2017:11:03:01:01:01 26438400.0
7273.9 55.37 300.16 2017:11:04:01:01:01 26524800.0
7487.22 54.96 298.64 2017:11:05:01:01:01 26611200.0
7237.34 54.8 298.19 2017:11:06:01:01:01 26697600.0
7112.21 57.45 296.07 2017:11:07:01:01:01 26784000.0
7383.67 61.76 300.85 2017:11:08:01:01:01 26870400.0
7246.9 63.67 318.04 2017:11:09:01:01:01 26956800.0
6973.47 62.52 311.49 2017:11:10:01:01:01 27043200.0
6559.79 61.25 306.93 2017:11:11:01:01:01 27129600.0
6100.74 59.73 309.2 2017:11:12:01:01:01 27216000.0
6357.57 60.31 314.69 2017:11:13:01:01:01 27302400.0
6588.64 61.69 327.0 2017:11:14:01:01:01 27388800.0
7055.34 63.41 333.96 2017:11:15:01:01:01 27475200.0
7459.07 63.91 328.38 2017:11:16:01:01:01 27561600.0
7838.79 67.94 331.05 2017:11:17:01:01:01 27648000.0
7716.38 67.57 334.66 2017:11:18:01:01:01 27734400.0
7840.31 70.2 354.96 2017:11:19:01:01:01 27820800.0
8127.15 72.14 361.66 2017:11:20:01:01:01 27907200.0
8184.24 71.12 365.46 2017:11:21:01:01:01 27993600.0
8209.22 71.08 367.02 2017:11:22:01:01:01 28080000.0
8190.45 73.67 399.09 2017:11:23:01:01:01 28166400.0
8188.43 74.83 431.72 2017:11:24:01:01:01 28252800.0
8499.99 82.2 469.9 2017:11:25:01:01:01 28339200.0
9145.14 86.69 463.73 2017:11:26:01:01:01 28425600.0
9670.22 90.22 478.8 2017:11:27:01:01:01 28512000.0
9893.2 92.49 473.08 2017:11:28:01:01:01 28598400.0
10468.49 96.14 472.34 2017:11:29:01:01:01 28684800.0
10000.12 85.94 436.86 2017:11:30:01:01:01 28771200.0
10190.34 90.5 442.88 2017:12:01:01:01:01 28857600.0
10957.67 101.05 464.79 2017:12:02:01:01:01 28944000.0
11323.05 101.66 469.15 2017:12:03:01:01:01 29030400.0
11394.32 100.4 463.69 2017:12:04:01:01:01 29116800.0
11722.52 102.4 463.28 2017:12:05:01:01:01 29203200.0
12738.48 101.8 449.8 2017:12:06:01:01:01 29289600.0
15502.58 98.93 434.1 2017:12:07:01:01:01 29376000.0
16134.83 109.36 447.91 2017:12:08:01:01:01 29462400.0
15564.36 156.84 489.61 2017:12:09:01:01:01 29548800.0
14774.71 146.95 457.06 2017:12:10:01:01:01 29635200.0
16697.32 175.44 471.58 2017:12:11:01:01:01 29721600.0
17130.91 302.1 568.81 2017:12:12:01:01:01 29808000.0
17132.11 327.94 689.49 2017:12:13:01:01:01 29894400.0
16776.59 299.9 719.25 2017:12:14:01:01:01 29980800.0
17549.18 287.37 674.14 2017:12:15:01:01:01 30067200.0
18479.8 303.58 701.31 2017:12:16:01:01:01 30153600.0
19539.22 322.94 724.86 2017:12:17:01:01:01 30240000.0
18877.72 322.86 737.17 2017:12:18:01:01:01 30326400.0
18402.25 356.03 826.79 2017:12:19:01:01:01 30412800.0
16851.81 321.78 799.61 2017:12:20:01:01:01 30499200.0
16334.52 310.93 811.56 2017:12:21:01:01:01 30585600.0
13903.06 258.98 676.05 2017:12:22:01:01:01 30672000.0
15107.54 291.56 730.1 2017:12:23:01:01:01 30758400.0
14154.17 275.56 685.93 2017:12:24:01:01:01 30844800.0
14187.9 277.92 733.15 2017:12:25:01:01:01 30931200.0
15369.31 279.73 752.03 2017:12:26:01:01:01 31017600.0
15572.23 272.61 745.94 2017:12:27:01:01:01 31104000.0
14292.28 246.94 705.88 2017:12:28:01:01:01 31190400.0
14557.47 247.94 736.14 2017:12:29:01:01:01 31276800.0
13597.63 227.72 722.87 2017:12:30:01:01:01 31363200.0
13392.46 221.8 722.66 2017:12:31:01:01:01 31449600.0
13422.72 224.69 745.54 2018:01:01:01:01:01 31536000.0
13908.37 246.89 848.89 2018:01:02:01:01:01 31622400.0
14986.93 249.45 885.91 2018:01:03:01:01:01 31708800.0
14850.02 235.73 948.98 2018:01:04:01:01:01 31795200.0
15784.59 244.82 976.67 2018:01:05:01:01:01 31881600.0
16665.31 280.62 992.1 2018:01:06:01:01:01 31968000.0
16528.49 279.57 1066.96 2018:01:07:01:01:01 32054400.0
15325.95 259.15 1143.39 2018:01:08:01:01:01 32140800.0
14899.22 252.07 1207.0 2018:01:09:01:01:01 32227200.0
14223.24 242.73 1309.59 2018:01:10:01:01:01 32313600.0
13718.42 233.91 1210.15 2018:01:11:01:01:01 32400000.0
13659.0 233.48 1219.47 2018:01:12:01:01:01 32486400.0
14213.37 244.44 1339.06 2018:01:13:01:01:01 32572800.0
13695.14 244.89 1338.29 2018:01:14:01:01:01 32659200.0
13785.22 238.14 1319.73 2018:01:15:01:01:01 32745600.0
12180.06 206.82 1130.31 2018:01:16:01:01:01 32832000.0
10708.75 175.72 955.47 2018:01:17:01:01:01 32918400.0
11484.72 193.56 1038.11 2018:01:18:01:01:01 33004800.0
11496.63 194.12 1042.97 2018:01:19:01:01:01 33091200.0
12423.06 203.83 1113.21 2018:01:20:01:01:01 33177600.0
11873.87 195.41 1077.31 2018:01:21:01:01:01 33264000.0
11080.51 183.61 1016.65 2018:01:22:01:01:01 33350400.0
10699.44 175.92 975.48 2018:01:23:01:01:01 33436800.0
10975.6 178.48 1005.8 2018:01:24:01:01:01 33523200.0
11261.19 180.22 1057.43 2018:01:25:01:01:01 33609600.0
10993.2 175.46 1039.69 2018:01:26:01:01:01 33696000.0
11177.74 177.84 1068.14 2018:01:27:01:01:01 33782400.0
11426.88 183.12 1156.72 2018:01:28:01:01:01 33868800.0
11138.19 180.27 1163.99 2018:01:29:01:01:01 33955200.0
10611.75 172.39 1119.67 2018:01:30:01:01:01 34041600.0
9977.31 161.25 1080.01 2018:01:31:01:01:01 34128000.0
9507.38 151.29 1081.64 2018:02:01:01:01:01 34214400.0
8550.13 127.05 908.67 2018:02:02:01:01:01 34300800.0
8917.8 139.63 938.18 2018:02:03:01:01:01 34387200.0
8741.06 156.92 899.76 2018:02:04:01:01:01 34473600.0
7602.13 137.31 766.18 2018:02:05:01:01:01 34560000.0
6812.51 123.6 676.18 2018:02:06:01:01:01 34646400.0
7901.84 145.69 796.64 2018:02:07:01:01:01 34732800.0
8204.2 145.42 809.45 2018:02:08:01:01:01 34819200.0
8242.34 150.34 828.92 2018:02:09:01:01:01 34905600.0
8648.39 160.01 867.34 2018:02:10:01:01:01 34992000.0
8198.4 149.81 822.12 2018:02:11:01:01:01 35078400.0
8619.67 157.45 853.56 2018:02:12:01:01:01 35164800.0
8619.53 157.93 843.48 2018:02:13:01:01:01 35251200.0
9022.18 193.25 881.09 2018:02:14:01:01:01 35337600.0
9800.71 223.31 928.47 2018:02:15:01:01:01 35424000.0
10018.39 221.0 930.03 2018:02:16:01:01:01 35510400.0
10681.18 228.85 962.69 2018:02:17:01:01:01 35596800.0
10731.71 222.96 941.17 2018:02:18:01:01:01 35683200.0
10850.39 221.16 936.9 2018:02:19:01:01:01 35769600.0
11491.41 238.11 934.36 2018:02:20:01:01:01 35856000.0
10803.23 217.47 866.48 2018:02:21:01:01:01 35942400.0
10262.52 204.38 827.2 2018:02:22:01:01:01 36028800.0
9995.56 200.68 842.52 2018:02:23:01:01:01 36115200.0
9933.21 205.4 841.29 2018:02:24:01:01:01 36201600.0
9594.03 209.43 835.77 2018:02:25:01:01:01 36288000.0
9898.54 221.96 857.04 2018:02:26:01:01:01 36374400.0
10537.68 217.31 875.84 2018:02:27:01:01:01 36460800.0
10612.86 212.16 870.5 2018:02:28:01:01:01 36547200.0
10635.3 208.12 864.33 2018:03:01:01:01:01 36633600.0
10974.68 207.94 861.85 2018:03:02:01:01:01 36720000.0
11331.39 213.32 860.49 2018:03:03:01:01:01 36806400.0
11241.7 209.28 852.54 2018:03:04:01:01:01 36892800.0
11509.39 211.8 859.83 2018:03:05:01:01:01 36979200.0
11014.68 203.15 831.8 2018:03:06:01:01:01 37065600.0
10396.54 190.71 781.02 2018:03:07:01:01:01 37152000.0
9704.52 181.9 738.84 2018:03:08:01:01:01 37238400.0
8986.23 183.18 698.38 2018:03:09:01:01:01 37324800.0
9256.15 186.83 727.05 2018:03:10:01:01:01 37411200.0
9056.86 183.36 702.0 2018:03:11:01:01:01 37497600.0
9433.9 184.76 713.49 2018:03:12:01:01:01 37584000.0
9155.88 176.57 694.04 2018:03:13:01:01:01 37670400.0
8757.96 169.22 659.46 2018:03:14:01:01:01 37756800.0
8104.37 160.84 601.98 2018:03:15:01:01:01 37843200.0
8312.05 164.96 609.19 2018:03:16:01:01:01 37929600.0
8078.72 159.01 585.26 2018:03:17:01:01:01 38016000.0
7674.37 146.46 508.2 2018:03:18:01:01:01 38102400.0
8344.3 156.3 539.19 2018:03:19:01:01:01 38188800.0
8614.45 161.83 543.44 2018:03:20:01:01:01 38275200.0
8978.15 171.28 568.83 2018:03:21:01:01:01 38361600.0
8790.09 166.36 548.34 2018:03:22:01:01:01 38448000.0
8524.82 160.98 523.16 2018:03:23:01:01:01 38534400.0
8857.62 165.07 536.65 2018:03:24:01:01:01 38620800.0
8531.34 160.08 521.64 2018:03:25:01:01:01 38707200.0
8210.34 153.14 499.2 2018:03:26:01:01:01 38793600.0
7964.92 141.67 463.49 2018:03:27:01:01:01 38880000.0
7911.66 134.36 450.65 2018:03:28:01:01:01 38966400.0
7515.5 122.03 413.59 2018:03:29:01:01:01 39052800.0
6889.36 116.9 384.98 2018:03:30:01:01:01 39139200.0
7007.03 120.07 401.75 2018:03:31:01:01:01 39225600.0
6804.6 114.63 382.21 2018:04:01:01:01:01 39312000.0
6977.05 118.55 385.08 2018:04:02:01:01:01 39398400.0
7327.39 126.02 401.62 2018:04:03:01:01:01 39484800.0
7079.52 123.81 391.1 2018:04:04:01:01:01 39571200.0
6753.63 118.35 378.04 2018:04:05:01:01:01 39657600.0
6649.17 115.06 371.88 2018:04:06:01:01:01 39744000.0
6885.3 117.31 383.63 2018:04:07:01:01:01 39830400.0
6984.84 116.86 394.41 2018:04:08:01:01:01 39916800.0
6891.03 117.15 403.61 2018:04:09:01:01:01 40003200.0
6777.34 113.97 402.37 2018:04:10:01:01:01 40089600.0
6874.72 114.38 418.84 2018:04:11:01:01:01 40176000.0
7327.56 119.6 449.69 2018:04:12:01:01:01 40262400.0
7990.32 128.82 504.06 2018:04:13:01:01:01 40348800.0
8004.87 126.82 501.06 2018:04:14:01:01:01 40435200.0
8215.3 129.82 519.21 2018:04:15:01:01:01 40521600.0
8075.73 127.93 510.95 2018:04:16:01:01:01 40608000.0
8037.2 134.42 510.47 2018:04:17:01:01:01 40694400.0
8053.05 136.91 513.21 2018:04:18:01:01:01 40780800.0
8210.47 142.19 542.38 2018:04:19:01:01:01 40867200.0
8444.17 149.38 583.82 2018:04:20:01:01:01 40953600.0
8804.82 149.47 604.08 2018:04:21:01:01:01 41040000.0
8890.01 148.87 621.55 2018:04:22:01:01:01 41126400.0
8892.5 150.41 637.35 2018:04:23:01:01:01 41212800.0
9308.95 161.78 688.6 2018:04:24:01:01:01 41299200.0
9209.28 151.16 642.63 2018:04:25:01:01:01 41385600.0
8881.02 146.62 630.59 2018:04:26:01:01:01 41472000.0
9214.4 150.62 664.67 2018:04:27:01:01:01 41558400.0
9233.92 150.09 675.77 2018:04:28:01:01:01 41644800.0
9344.26 152.2 683.22 2018:04:29:01:01:01 41731200.0
9283.75 150.79 680.86 2018:04:30:01:01:01 41817600.0
8987.34 145.42 656.4 2018:05:01:01:01:01 41904000.0
9108.89 148.59 677.21 2018:05:02:01:01:01 41990400.0
9362.01 155.62 732.04 2018:05:03:01:01:01 42076800.0
9649.0 161.57 780.46 2018:05:04:01:01:01 42163200.0
9818.43 173.98 806.76 2018:05:05:01:01:01 42249600.0
9609.72 171.9 788.05 2018:05:06:01:01:01 42336000.0
9338.18 163.93 741.22 2018:05:07:01:01:01 42422400.0
9261.22 162.01 748.04 2018:05:08:01:01:01 42508800.0
9185.6 156.39 738.42 2018:05:09:01:01:01 42595200.0
9266.13 156.53 752.41 2018:05:10:01:01:01 42681600.0
8703.84 141.94 697.91 2018:05:11:01:01:01 42768000.0
8425.37 138.67 671.09 2018:05:12:01:01:01 42854400.0
8551.23 141.93 703.99 2018:05:13:01:01:01 42940800.0
8577.0 142.5 717.33 2018:05:14:01:01:01 43027200.0
8642.02 144.04 722.86 2018:05:15:01:01:01 43113600.0
8280.01 137.76 694.6 2018:05:16:01:01:01 43200000.0
8277.57 137.74 698.72 2018:05:17:01:01:01 43286400.0
8104.22 132.96 678.15 2018:05:18:01:01:01 43372800.0
8255.44 135.48 696.3 2018:05:19:01:01:01 43459200.0
8361.26 137.01 709.73 2018:05:20:01:01:01 43545600.0
8451.74 136.55 704.8 2018:05:21:01:01:01 43632000.0
8231.32 132.54 679.09 2018:05:22:01:01:01 43718400.0
7783.34 123.78 612.77 2018:05:23:01:01:01 43804800.0
7534.09 120.8 586.51 2018:05:24:01:01:01 43891200.0
7486.82 120.41 593.91 2018:05:25:01:01:01 43977600.0
7487.3 120.36 594.68 2018:05:26:01:01:01 44064000.0
7309.77 117.62 573.69 2018:05:27:01:01:01 44150400.0
7250.28 114.66 537.37 2018:05:28:01:01:01 44236800.0
7289.73 116.54 542.18 2018:05:29:01:01:01 44323200.0
7427.67 119.2 560.83 2018:05:30:01:01:01 44409600.0
7499.21 118.91 571.75 2018:05:31:01:01:01 44496000.0
7478.67 118.69 575.11 2018:06:01:01:01:01 44582400.0
7597.95 122.06 587.86 2018:06:02:01:01:01 44668800.0
7691.06 125.19 610.72 2018:06:03:01:01:01 44755200.0
7557.35 121.18 598.73 2018:06:04:01:01:01 44841600.0
7487.82 118.95 593.64 2018:06:05:01:01:01 44928000.0
7602.14 120.94 603.65 2018:06:06:01:01:01 45014400.0
7690.45 121.62 606.77 2018:06:07:01:01:01 45100800.0
7628.45 119.84 600.35 2018:06:08:01:01:01 45187200.0
7627.51 119.73 602.09 2018:06:09:01:01:01 45273600.0
7134.36 111.75 558.03 2018:06:10:01:01:01 45360000.0
6761.94 106.46 526.08 2018:06:11:01:01:01 45446400.0
6753.3 104.96 520.13 2018:06:12:01:01:01 45532800.0
6439.56 95.9 480.43 2018:06:13:01:01:01 45619200.0
6500.06 97.37 492.46 2018:06:14:01:01:01 45705600.0
6548.72 98.13 501.03 2018:06:15:01:01:01 45792000.0
6459.77 95.96 495.48 2018:06:16:01:01:01 45878400.0
6505.73 96.48 500.4 2018:06:17:01:01:01 45964800.0
6521.33 95.65 501.18 2018:06:18:01:01:01 46051200.0
6717.35 98.37 527.06 2018:06:19:01:01:01 46137600.0
6680.05 97.03 528.58 2018:06:20:01:01:01 46224000.0
6733.46 97.17 532.74 2018:06:21:01:01:01 46310400.0
6357.6 89.0 489.18 2018:06:22:01:01:01 46396800.0
6133.02 83.9 471.41 2018:06:23:01:01:01 46483200.0
6019.9 79.21 450.57 2018:06:24:01:01:01 46569600.0
6200.61 81.28 457.23 2018:06:25:01:01:01 46656000.0
6201.48 80.27 448.58 2018:06:26:01:01:01 46742400.0
6094.63 78.24 433.01 2018:06:27:01:01:01 46828800.0
6082.69 78.87 434.25 2018:06:28:01:01:01 46915200.0
5904.67 74.38 415.87 2018:06:29:01:01:01 47001600.0
6362.72 81.27 449.09 2018:06:30:01:01:01 47088000.0
